arp
-8 -15 -8 -15 14 20 -14 -13 -12 -13 3 -12 -13 -2 -1 5 -2 5 -14 -14 23 24 24 24 35 24 29 -13 17 17 -15 -14 -6 -6 -7 -11 -2 -14 -13 -13 -12 15 15 15 15 15 -13 -14 -14 -15 15 15 15 15 15 15 -12 -12 15 15 15 15 15 15 15 15 -12 -15 -10 13 1 -7 0 0 -7 12 -14 -14 -11 -10 -13 15 15 -12 15 3 -4 15 -4 15 3 15 -4 -4 3 -14 -15 -15 14 23 17 14 -13 15 15 15 15 15 4 16 -13 -1 -10 -11 -14 23 22 25 24 24 24 27 19 -15 -13 -9 -10 17 17 -11 17 17 -2 17 17 -2 17 -2 17 -2 -2 5 -2 5 5 6 5 -9 -7 -2 -11 -2 17 -11 5 -11 -11 5 -11 5 18 17 18 17 19 17 17 16 17 5 16 -8 -12 0 0 0 0 0 0 0 0 0 0 0 0 0 0 0 0 0 0 0 0 0 0 0 0 0 0 0 0 0 0 0 0 0 0 0 0 0 0 0 0 0 0 0 0 0 0 0 0 0 0 0 0 0 0 0 0 0 0 0 0 0 0 0 0 0 0 0 0 0 0 0 0 0 0 0 0 0 0 0 0 0 0 
yTL1
32 19 7 7 63 54 28 12 2 11 7 8 8 7 8 16 36 25 24 36 40 42 46 40 45 35 38 28 28 36 63 51 63 63 63 47 63 21 6 3 1 2 4 6 7 9 11 23 32 21 63 37 63 63 39 38 28 63 30 24 30 26 22 24 22 24 29 16 17 10 10 16 16 15 11 11 10 14 3 1 8 18 22 16 20 21 21 17 15 16 12 15 13 15 15 25 31 36 41 34 28 27 25 22 20 17 17 22 30 63 10 7 7 11 11 63 43 39 39 37 63 63 24 21 18 63 23 18 14 13 22 21 23 25 16 16 17 19 20 18 19 23 30 33 63 49 63 38 39 39 42 45 45 47 49 51 50 53 51 50 63 48 51 48 45 63 51 43 44 46 45 56 59 0 0 0 0 0 0 0 0 0 0 0 0 0 0 0 0 0 0 0 0 0 0 0 0 0 0 0 0 0 0 0 0 0 0 0 0 0 0 0 0 0 0 0 0 0 0 0 0 0 0 0 0 0 0 0 0 0 0 0 0 0 0 0 0 0 0 0 0 0 0 0 0 0 0 0 0 0 0 0 0 0 0 
yTL2
63 32 21 63 30 28 30 25 28 22 63 22 10 5 4 3 1 0 3 16 63 63 37 37 35 39 63 5 5 6 9 13 15 15 17 18 16 11 20 37 47 35 33 63 32 29 33 27 25 18 5 7 7 6 6 5 5 6 9 10 10 11 9 10 11 11 15 7 4 5 5 3 0 0 0 2 15 24 63 26 12 17 22 10 5 4 3 5 6 5 5 6 6 9 18 18 13 19 29 63 37 15 5 7 4 6 6 2 0 0 12 63 35 33 28 32 38 36 32 51 63 63 34 14 21 22 23 33 30 25 35 28 28 28 25 24 26 26 27 34 41 39 46 49 34 34 29 63 46 45 42 49 47 55 48 44 47 45 45 44 48 63 41 45 43 43 39 58 63 61 63 56 57 0 0 0 0 0 0 0 0 0 0 0 0 0 0 0 0 0 0 0 0 0 0 0 0 0 0 0 0 0 0 0 0 0 0 0 0 0 0 0 0 0 0 0 0 0 0 0 0 0 0 0 0 0 0 0 0 0 0 0 0 0 0 0 0 0 0 0 0 0 0 0 0 0 0 0 0 0 0 0 0 0 0 
yTL3
63 43 31 42 46 41 4 3 5 10 10 12 33 23 23 31 24 26 63 63 45 57 63 58 63 60 63 21 14 14 16 31 27 32 33 39 35 21 15 17 19 17 15 15 15 11 12 16 20 11 8 10 8 10 14 19 9 6 9 12 14 12 9 12 14 14 19 14 39 14 8 14 11 15 9 9 18 15 17 11 9 3 5 7 14 19 15 14 16 14 12 12 14 9 10 21 33 30 31 63 63 39 26 31 32 31 34 63 39 57 37 30 26 19 28 32 30 31 34 49 29 31 30 19 7 8 4 8 11 7 4 3 2 3 4 6 6 4 4 5 6 6 6 8 14 20 22 20 26 25 25 25 26 31 34 36 36 34 33 38 40 45 53 60 54 52 51 51 63 48 45 56 48 0 0 0 0 0 0 0 0 0 0 0 0 0 0 0 0 0 0 0 0 0 0 0 0 0 0 0 0 0 0 0 0 0 0 0 0 0 0 0 0 0 0 0 0 0 0 0 0 0 0 0 0 0 0 0 0 0 0 0 0 0 0 0 0 0 0 0 0 0 0 0 0 0 0 0 0 0 0 0 0 0 0 
yTL4
51 58 24 21 23 63 18 63 63 35 21 16 32 20 46 26 25 34 32 28 48 58 63 63 63 63 34 26 26 22 18 36 42 51 45 41 34 29 27 29 26 29 33 32 30 40 34 36 32 22 27 35 37 39 33 33 25 22 18 12 9 10 8 7 6 9 28 63 21 26 13 8 7 10 18 22 63 31 63 63 24 33 63 28 34 39 38 27 33 51 31 32 30 31 26 28 35 37 51 63 50 28 24 32 30 29 24 26 23 33 19 25 26 22 25 54 63 42 63 32 30 26 63 1 4 15 15 14 22 24 17 19 24 48 24 25 32 25 26 24 21 19 16 15 15 25 17 26 28 32 28 28 28 31 32 39 40 39 49 46 52 43 43 42 42 34 31 32 46 45 63 62 58 0 0 0 0 0 0 0 0 0 0 0 0 0 0 0 0 0 0 0 0 0 0 0 0 0 0 0 0 0 0 0 0 0 0 0 0 0 0 0 0 0 0 0 0 0 0 0 0 0 0 0 0 0 0 0 0 0 0 0 0 0 0 0 0 0 0 0 0 0 0 0 0 0 0 0 0 0 0 0 0 0 0 
yDM1
3 5 3 4 1 10 11 10 10 11 4 10 11 6 6 4 6 4 12 12 15 15 15 15 8 15 11 7 3 3 7 10 4 4 4 2 3 11 10 10 10 2 2 2 2 2 10 10 11 12 2 3 15 1 10 10 11 5 9 9 9 8 8 8 8 8 6 6 8 3 6 9 6 6 9 3 5 5 4 4 5 1 1 5 1 2 3 1 3 1 2 1 3 3 2 4 4 4 12 15 15 14 4 2 2 2 2 2 4 1 6 3 5 5 6 1 11 9 10 11 11 12 1 8 11 5 11 3 3 15 3 3 9 3 3 9 3 9 3 9 9 6 9 6 4 6 8 14 12 9 15 9 4 15 13 7 11 13 4 6 15 14 2 2 5 1 12 14 13 14 14 13 10 0 0 0 0 0 0 0 0 0 0 0 0 0 0 0 0 0 0 0 0 0 0 0 0 0 0 0 0 0 0 0 0 0 0 0 0 0 0 0 0 0 0 0 0 0 0 0 0 0 0 0 0 0 0 0 0 0 0 0 0 0 0 0 0 0 0 0 0 0 0 0 0 0 0 0 0 0 0 0 0 0 0 
yDM2
3 6 4 4 15 15 6 6 6 10 2 6 6 3 3 2 3 2 6 6 14 15 14 14 7 14 1 6 1 1 7 6 4 4 4 5 3 6 6 6 6 11 12 1 13 10 11 6 6 6 1 1 1 1 1 1 5 5 1 1 1 1 1 1 1 1 5 5 4 1 2 3 2 2 3 1 4 4 4 9 11 3 3 15 3 6 9 3 9 3 6 3 9 9 6 5 5 5 1 1 1 1 5 1 1 1 1 1 2 1 5 3 4 13 11 13 15 13 14 14 13 1 2 14 13 14 15 14 14 9 12 12 12 4 4 12 4 12 4 12 12 8 12 8 8 8 8 4 15 8 11 8 3 11 6 15 15 6 15 13 15 15 12 14 13 14 15 15 15 7 12 1 2 0 0 0 0 0 0 0 0 0 0 0 0 0 0 0 0 0 0 0 0 0 0 0 0 0 0 0 0 0 0 0 0 0 0 0 0 0 0 0 0 0 0 0 0 0 0 0 0 0 0 0 0 0 0 0 0 0 0 0 0 0 0 0 0 0 0 0 0 0 0 0 0 0 0 0 0 0 0 0 0 0 0 
yDM3
3 9 5 3 2 1 5 5 5 5 2 5 5 9 9 6 9 6 6 6 14 13 15 13 7 1 1 5 2 2 6 5 3 3 3 4 2 5 5 5 5 1 1 1 1 1 5 5 10 11 2 2 2 2 2 2 10 10 2 2 2 2 2 2 2 2 10 11 9 2 4 6 4 4 6 2 9 10 8 8 10 2 2 10 2 4 6 2 6 2 4 2 6 6 4 10 10 10 2 1 1 15 10 10 10 10 10 1 14 7 15 8 10 10 12 11 12 10 11 12 13 11 15 13 12 10 10 2 2 10 2 2 6 2 2 6 2 6 2 6 6 4 6 4 4 4 4 9 8 6 10 6 2 10 4 10 10 4 10 4 2 6 6 13 6 7 7 12 13 5 12 8 5 0 0 0 0 0 0 0 0 0 0 0 0 0 0 0 0 0 0 0 0 0 0 0 0 0 0 0 0 0 0 0 0 0 0 0 0 0 0 0 0 0 0 0 0 0 0 0 0 0 0 0 0 0 0 0 0 0 0 0 0 0 0 0 0 0 0 0 0 0 0 0 0 0 0 0 0 0 0 0 0 0 0 
yDM4
1 10 6 8 1 1 4 10 10 15 6 15 15 12 12 8 12 8 5 5 1 1 1 1 7 15 1 12 4 4 13 11 7 8 8 10 15 10 11 11 15 3 3 3 3 3 15 11 12 13 10 14 15 15 15 3 15 15 3 3 3 3 3 3 3 3 15 5 12 8 8 12 8 8 12 4 5 6 4 8 4 4 2 11 13 8 12 4 12 15 12 6 15 15 8 9 14 6 3 1 2 2 6 3 3 3 3 3 6 3 11 9 15 9 7 1 1 12 14 15 15 12 1 7 6 5 5 1 1 5 1 1 3 1 1 3 1 3 1 3 3 2 3 2 2 2 2 4 4 3 5 3 1 5 2 5 5 2 5 2 1 2 1 1 1 1 1 1 1 2 14 6 7 0 0 0 0 0 0 0 0 0 0 0 0 0 0 0 0 0 0 0 0 0 0 0 0 0 0 0 0 0 0 0 0 0 0 0 0 0 0 0 0 0 0 0 0 0 0 0 0 0 0 0 0 0 0 0 0 0 0 0 0 0 0 0 0 0 0 0 0 0 0 0 0 0 0 0 0 0 0 0 0 0 0 
